"district","hour","mode1","mode2","mode3"
"001","4am",2.6873,76.7131,20.5996
"001","5am",2.6975,76.6254,20.6771
"001","6am",2.7104,76.5129,20.7766
"001","7am",3.1677,76.329,20.5033
"001","8am",6.4317,72.4696,21.0987
"001","9am",9.3314,72.3736,18.295
"001","10am",7.754,73.3999,18.846
"001","11am",7.1902,71.3973,21.4125
"001","12am",6.686,71.1267,22.1873
"001","1pm",5.4142,74.0674,20.5185
"001","2pm",5.8253,72.1422,22.0325
"001","3pm",5.3298,72.2833,22.3869
"001","4pm",5.0254,74.5162,20.4584
"001","5pm",3.2484,75.6634,21.0882
"001","6pm",3.2476,77.5681,19.1843
"001","7pm",2.8423,78.9615,18.1963
"001","8pm",2.5602,77.7883,19.6515
"001","9pm",2.5822,78.3176,19.1003
"001","10pm",2.6779,77.5136,19.8085
"001","11pm",2.7015,76.5901,20.7084
"001","12pm",2.6226,77.2743,20.1031
"001","1am",2.6226,77.2743,20.1031
"001","2am",2.6035,77.4392,19.9572
"001","3am",2.5848,77.6018,19.8134
"002","4am",4.3228,74.5561,21.1211
"002","5am",4.3228,74.5561,21.1211
"002","6am",5.018,73.4622,21.5198
"002","7am",5.5015,73.5909,20.9076
"002","8am",5.7339,71.532,22.7342
"002","9am",5.3908,67.5688,27.0404
"002","10am",4.3869,69.7734,25.8397
"002","11am",4.0463,72.1204,23.8333
"002","12am",2.8423,70.3006,26.8571
"002","1pm",2.5294,72.2338,25.2367
"002","2pm",1.6753,70.4769,27.8477
"002","3pm",1.8551,68.2071,29.9378
"002","4pm",2.0597,67.8348,30.1055
"002","5pm",3.72,68.555,27.725
"002","6pm",7.2992,67.0586,25.6421
"002","7pm",7.129,68.9651,23.9059
"002","8pm",5.1925,73.3176,21.4898
"002","9pm",5.2427,73.06,21.6974
"002","10pm",5.0671,73.9622,20.9707
"002","11pm",5.1278,73.6503,21.2219
"002","12pm",4.8939,74.8522,20.2539
"002","1am",4.8947,74.8481,20.2572
"002","2am",4.9356,74.638,20.4264
"002","3am",4.9356,74.638,20.4264
"003","4am",5.6895,82.5944,11.716
"003","5am",4.7719,83.5121,11.716
"003","6am",4.8164,83.3583,11.8253
"003","7am",3.6191,82.6901,13.6908
"003","8am",1.1801,79.5011,19.3188
"003","9am",3.1367,74.3857,22.4776
"003","10am",1.7712,77.275,20.9537
"003","11am",0,77.1368,22.8632
"003","12am",0,78.0045,21.9955
"003","1pm",3.1729,74.011,22.8161
"003","2pm",3.3904,74.1281,22.4815
"003","3pm",3.528,71.6417,24.8302
"003","4pm",1.8532,73.7829,24.3639
"003","5pm",3.0872,76.5571,20.3558
"003","6pm",4.1285,79.2617,16.6098
"003","7pm",5.6235,81.3923,12.9843
"003","8pm",6.3497,80.8178,12.8325
"003","9pm",5.6572,82.9098,11.4329
"003","10pm",5.8148,81.4957,12.6894
"003","11pm",5.6952,81.8766,12.4283
"003","12pm",5.5869,82.2213,12.1919
"003","1am",5.4289,82.7238,11.8472
"003","2am",5.4289,82.7238,11.8472
"003","3am",5.4289,82.7238,11.8472
"004","4am",3.696,80.5803,15.7237
"004","5am",3.7576,80.2569,15.9855
"004","6am",3.8913,80.4325,15.6762
"004","7am",3.9579,80.2339,15.8082
"004","8am",1.341,82.8538,15.8052
"004","9am",0.3363,77.6,22.0637
"004","10am",0.1827,75.9443,23.8729
"004","11am",0.1878,76.1933,23.6188
"004","12am",0.3742,76.0272,23.5986
"004","1pm",0.5486,75.7175,23.7339
"004","2pm",0.5137,78.5389,20.9474
"004","3pm",0.5391,76.3647,23.0962
"004","4pm",0.5394,75.0034,24.4573
"004","5pm",0.5313,74.4358,25.033
"004","6pm",3.3425,78.6626,17.9949
"004","7pm",4.0022,78.3132,17.6846
"004","8pm",3.8034,79.3501,16.8464
"004","9pm",3.6202,80.0754,16.3044
"004","10pm",3.6437,80.8555,15.5008
"004","11pm",3.6196,80.982,15.3984
"004","12pm",3.6942,80.59,15.7158
"004","1am",3.6942,80.59,15.7158
"004","2am",3.6942,80.59,15.7158
"004","3am",3.6655,80.7409,15.5936
"005","4am",3.9714,76.8566,19.172
"005","5am",3.897,76.4576,19.6454
"005","6am",4.0331,76.496,19.4708
"005","7am",3.9876,76.3161,19.6963
"005","8am",4.4925,72.1332,23.3743
"005","9am",4.7318,67.5347,27.7335
"005","10am",4.6557,69.2314,26.1129
"005","11am",3.3679,72.3097,24.3224
"005","12am",3.6125,69.3654,27.0221
"005","1pm",2.311,74.1865,23.5026
"005","2pm",2.6215,71.7454,25.6331
"005","3pm",2.8147,71.7984,25.3869
"005","4pm",3.8293,68.5262,27.6445
"005","5pm",4.0637,69.649,26.2874
"005","6pm",3.9069,72.6139,23.4793
"005","7pm",4.3528,75.4017,20.2455
"005","8pm",5.4552,76.2753,18.2695
"005","9pm",4.55,77.5311,17.9189
"005","10pm",4.6912,76.7244,18.5844
"005","11pm",4.743,76.4675,18.7895
"005","12pm",3.9026,76.5043,19.5932
"005","1am",3.8976,76.5343,19.5681
"005","2am",3.882,76.6283,19.4897
"005","3am",3.882,76.6283,19.4897
"006","4am",8.6008,82.2187,9.1805
"006","5am",8.5476,82.3287,9.1237
"006","6am",8.731,81.9495,9.3195
"006","7am",6.3664,83.9588,9.6749
"006","8am",5.3906,83.3636,11.2458
"006","9am",6.0809,81.2355,12.6836
"006","10am",5.8261,79.8467,14.3272
"006","11am",6.3857,81.1919,12.4225
"006","12am",5.3219,80.9458,13.7323
"006","1pm",4.6746,80.3222,15.0032
"006","2pm",3.9324,79.6294,16.4382
"006","3pm",3.1094,80.6863,16.2043
"006","4pm",1.9162,84.6652,13.4185
"006","5pm",4.0999,86.5394,9.3607
"006","6pm",5.1359,85.9634,8.9007
"006","7pm",6.9555,82.5556,10.4888
"006","8pm",8.9712,81.5047,9.5241
"006","9pm",7.914,82.7452,9.3408
"006","10pm",8.8478,81.7082,9.4441
"006","11pm",8.5504,82.3229,9.1267
"006","12pm",8.4752,82.4784,9.0464
"006","1am",8.3186,82.8021,8.8793
"006","2am",8.2702,82.9021,8.8276
"006","3am",8.2702,82.9021,8.8276
"007","4am",4.3321,71.6646,24.0033
"007","5am",4.2514,71.8079,23.9408
"007","6am",3.1846,73.1879,23.6275
"007","7am",3.1913,72.1913,24.6174
"007","8am",0.8317,71.3921,27.7762
"007","9am",0.7025,75.1329,24.1646
"007","10am",1.5286,75.6454,22.826
"007","11am",1.4714,77.413,21.1156
"007","12am",1.5566,77.0673,21.3761
"007","1pm",1.3953,74.9197,23.6849
"007","2pm",1.9847,72.5351,25.4803
"007","3pm",4.2236,72.8677,22.9087
"007","4pm",3.1539,69.388,27.4581
"007","5pm",3.4846,65.9415,30.5739
"007","6pm",6.242,66.1908,27.5673
"007","7pm",5.5607,67.4082,27.0311
"007","8pm",7.3857,65.9261,26.6882
"007","9pm",5.7611,72.0281,22.2108
"007","10pm",5.0052,71.8989,23.0959
"007","11pm",5.1238,71.2328,23.6434
"007","12pm",5.0916,71.4136,23.4948
"007","1am",5.0835,71.4591,23.4574
"007","2am",5.1383,71.1516,23.7101
"007","3am",5.0633,71.5724,23.3643
"008","4am",8.8668,63.8478,27.2854
"008","5am",8.9535,63.4941,27.5524
"008","6am",8.9535,63.4941,27.5524
"008","7am",9.1977,62.4985,28.3038
"008","8am",5.8369,64.2747,29.8884
"008","9am",6.9985,62.9711,30.0304
"008","10am",5.8469,68.1424,26.0107
"008","11am",4.7723,71.7154,23.5124
"008","12am",5.8116,69.6652,24.5232
"008","1pm",5.1153,70.2764,24.6083
"008","2pm",6.3878,69.905,23.7072
"008","3pm",8.1487,65.6722,26.1791
"008","4pm",8.2508,67.8211,23.9282
"008","5pm",11.8508,60.591,27.5582
"008","6pm",11.8698,60.1098,28.0204
"008","7pm",12.8915,60.1725,26.936
"008","8pm",10.3689,62.7265,26.9046
"008","9pm",8.7869,62.6629,28.5502
"008","10pm",8.2648,63.9782,27.757
"008","11pm",8.5768,62.6182,28.805
"008","12pm",8.4999,62.9535,28.5466
"008","1am",8.4346,63.238,28.3274
"008","2am",8.4346,63.238,28.3274
"008","3am",8.4346,63.238,28.3274
"009","4am",8.367,74.6853,16.9477
"009","5am",8.208,75.1663,16.6257
"009","6am",8.1605,74.541,17.2985
"009","7am",8.8274,73.8487,17.3238
"009","8am",7.0411,74.6762,18.2827
"009","9am",5.7158,77.4455,16.8388
"009","10am",5.3046,76.0963,18.5991
"009","11am",6.1686,75.7415,18.0899
"009","12am",5.3107,76.535,18.1543
"009","1pm",4.0895,77.0177,18.8929
"009","2pm",5.086,76.8869,18.0271
"009","3pm",6.993,77.2656,15.7414
"009","4pm",6.7935,77.8806,15.3259
"009","5pm",10.7763,75.229,13.9947
"009","6pm",8.5071,76.342,15.1509
"009","7pm",9.4724,77.3056,13.222
"009","8pm",8.9231,74.9459,16.1311
"009","9pm",8.1537,75.7816,16.0647
"009","10pm",9.4336,73.8856,16.6808
"009","11pm",8.2179,75.7519,16.0302
"009","12pm",8.3863,74.6267,16.9869
"009","1am",8.2393,75.0716,16.6891
"009","2am",8.2393,75.0716,16.6891
"009","3am",8.2987,74.8918,16.8094
"010","4am",7.9719,73.6813,18.3468
"010","5am",7.9262,73.8321,18.2417
"010","6am",7.7343,74.4657,17.8
"010","7am",6.3016,75.3606,18.3378
"010","8am",5.5726,74.885,19.5424
"010","9am",4.5457,78.3949,17.0594
"010","10am",2.5743,81.4742,15.9515
"010","11am",3.6098,78.0413,18.3489
"010","12am",4.6759,75.3007,20.0234
"010","1pm",5.136,70.6004,24.2636
"010","2pm",4.8007,70.8061,24.3933
"010","3pm",5.8787,68.2942,25.8271
"010","4pm",6.011,68.395,25.594
"010","5pm",6.764,63.3215,29.9146
"010","6pm",9.0223,67.5356,23.4421
"010","7pm",8.8262,70.3174,20.8564
"010","8pm",8.8232,71.0944,20.0824
"010","9pm",8.0924,73.2836,18.624
"010","10pm",8.1834,72.9831,18.8335
"010","11pm",8.1105,73.2238,18.6657
"010","12pm",7.9168,73.8633,18.22
"010","1am",8.0451,73.4397,18.5152
"010","2am",8.0451,73.4397,18.5152
"010","3am",8.0451,73.4397,18.5152
"011","4am",15.2706,61.922,22.8074
"011","5am",15.2857,61.8842,22.83
"011","6am",13.177,63.0499,23.7731
"011","7am",14.0663,67.2542,18.6795
"011","8am",18.7822,61.5749,19.6429
"011","9am",20.4018,61.5539,18.0442
"011","10am",19.1652,61.6432,19.1916
"011","11am",22.4501,59.1667,18.3831
"011","12am",18.4597,60.4789,21.0614
"011","1pm",19.1653,54.997,25.8376
"011","2pm",17.6055,54.1574,28.2371
"011","3pm",18.2737,58.7118,23.0145
"011","4pm",17.8122,58.3088,23.879
"011","5pm",17.7851,57.6476,24.5673
"011","6pm",14.5408,60.1901,25.2692
"011","7pm",14.4302,61.6736,23.8963
"011","8pm",15.4022,62.9433,21.6545
"011","9pm",14.845,62.8962,22.2588
"011","10pm",14.884,61.8692,23.2468
"011","11pm",14.5391,62.6936,22.7673
"011","12pm",14.5983,62.5417,22.86
"011","1am",14.816,62.3564,22.8276
"011","2am",14.9008,62.141,22.9582
"011","3am",14.775,61.6162,23.6088
"012","4am",4.23,63.5022,32.2679
"012","5am",3.4767,64.0016,32.5217
"012","6am",3.5068,64.4828,32.0104
"012","7am",3.3658,62.2597,34.3745
"012","8am",2.6831,62.5703,34.7466
"012","9am",4.3526,60.7838,34.8636
"012","10am",7.2073,58.972,33.8207
"012","11am",3.8962,64.3001,31.8037
"012","12am",1.9328,61.7346,36.3326
"012","1pm",3.6027,58.095,38.3023
"012","2pm",5.219,58.795,35.986
"012","3pm",4.4854,58.5251,36.9895
"012","4pm",4.0291,55.7529,40.218
"012","5pm",4.4171,60.3912,35.1917
"012","6pm",5.6258,59.8731,34.5012
"012","7pm",4.986,59.6364,35.3777
"012","8pm",4.8041,61.6631,33.5329
"012","9pm",5.4581,63.0344,31.5075
"012","10pm",5.4163,63.3176,31.2661
"012","11pm",5.4115,63.3502,31.2384
"012","12pm",5.5454,62.4434,32.0113
"012","1am",5.4096,61.9213,32.6691
"012","2am",5.2794,62.8381,31.8825
"012","3am",5.2794,62.8381,31.8825
"013","4am",8.7315,55.2506,36.0179
"013","5am",8.7866,55.5993,35.6141
"013","6am",9.0284,54.3773,36.5943
"013","7am",9.1402,55.6337,35.2261
"013","8am",6.7611,53.2289,40.0101
"013","9am",4.8174,56.4382,38.7443
"013","10am",4.8505,56.1731,38.9764
"013","11am",3.8658,53.6108,42.5234
"013","12am",3.7663,54.5362,41.6975
"013","1pm",2.4761,59.104,38.4199
"013","2pm",4.5803,53.9332,41.4865
"013","3pm",9.7534,52.2536,37.993
"013","4pm",7.4567,54.1754,38.3679
"013","5pm",5.5166,55.1416,39.3418
"013","6pm",5.4325,57.8615,36.7059
"013","7pm",7.7414,56.3864,35.8721
"013","8pm",6.376,56.7045,36.9195
"013","9pm",7.4385,56.2065,36.3549
"013","10pm",7.8222,57.3696,34.8082
"013","11pm",8.6735,55.5477,35.7788
"013","12pm",8.69,55.4632,35.8468
"013","1am",8.6142,55.8517,35.5341
"013","2am",8.6142,55.8517,35.5341
"013","3am",8.6142,55.8517,35.5341
"014","4am",15.8569,64.4999,19.6432
"014","5am",15.8569,64.4999,19.6432
"014","6am",15.9012,63.088,21.0108
"014","7am",15.6683,62.8697,21.462
"014","8am",11.9663,63.9233,24.1105
"014","9am",11.9897,64.3744,23.6359
"014","10am",10.3118,64.3553,25.3328
"014","11am",11.014,64.5015,24.4845
"014","12am",9.1887,63.1605,27.6508
"014","1pm",6.6185,64.5167,28.8648
"014","2pm",7.2251,64.8937,27.8812
"014","3pm",7.6123,65.4189,26.9688
"014","4pm",6.997,65.2393,27.7637
"014","5pm",9.6229,60.8091,29.568
"014","6pm",11.3574,61.3047,27.3379
"014","7pm",15.5682,59.5523,24.8795
"014","8pm",13.8338,64.79,21.3762
"014","9pm",13.8721,65.9629,20.1651
"014","10pm",12.7369,67.1025,20.1606
"014","11pm",13.6724,66.8898,19.4377
"014","12pm",14.4043,66.1352,19.4604
"014","1am",14.4338,66.066,19.5002
"014","2am",14.511,65.8844,19.6046
"014","3am",14.6132,65.6442,19.7426
"015","4am",30.5647,41.5548,27.8805
"015","5am",31.3537,41.0054,27.6409
"015","6am",31.4813,41.651,26.8677
"015","7am",31.8285,42.2426,25.929
"015","8am",25.5868,48.974,25.4392
"015","9am",21.8363,53.9588,24.2049
"015","10am",22.8353,49.354,27.8107
"015","11am",21.9362,50.1828,27.881
"015","12am",22.2695,49.7801,27.9505
"015","1pm",28.3998,45.6162,25.984
"015","2pm",26.4715,50.9085,22.6199
"015","3pm",20.3214,54.2893,25.3893
"015","4pm",20.4749,55.1394,24.3857
"015","5pm",21.7598,50.4501,27.79
"015","6pm",26.6095,43.0449,30.3456
"015","7pm",27.7067,42.387,29.9063
"015","8pm",29.3788,43.8952,26.726
"015","9pm",30.8481,40.8613,28.2907
"015","10pm",32.0918,41.4074,26.5008
"015","11pm",31.7841,41.9692,26.2467
"015","12pm",30.3346,43.7436,25.9219
"015","1am",30.6091,42.3188,27.0721
"015","2am",30.3664,42.7762,26.8574
"015","3am",30.6989,42.1496,27.1515
"016","4am",23.4688,46.9818,29.5494
"016","5am",23.2277,48.1299,28.6424
"016","6am",24.3034,47.391,28.3055
"016","7am",23.4113,46.1043,30.4844
"016","8am",23.4533,44.2511,32.2956
"016","9am",25.8943,45.5256,28.5801
"016","10am",21.8062,45.7132,32.4806
"016","11am",19.8195,48.0364,32.1441
"016","12am",18.7107,50.6852,30.6041
"016","1pm",18.2428,46.8084,34.9488
"016","2pm",19.0934,41.8076,39.099
"016","3pm",20.1055,41.5868,38.3077
"016","4pm",17.8124,46.3257,35.8619
"016","5pm",15.6838,46.5472,37.769
"016","6pm",17.4896,47.647,34.8634
"016","7pm",21.6978,48.2365,30.0657
"016","8pm",24.9516,46.3996,28.6488
"016","9pm",24.9849,46.0566,28.9585
"016","10pm",23.6086,46.0519,30.3395
"016","11pm",24.3334,46.6176,29.049
"016","12pm",24.2317,47.2013,28.567
"016","1am",24.5784,47.3368,28.0847
"016","2am",24.7864,46.8911,28.3224
"016","3am",24.9301,46.5833,28.4866
"017","4am",23.4257,42.0153,34.559
"017","5am",23.3463,42.2118,34.4419
"017","6am",24.2134,40.3741,35.4125
"017","7am",23.921,42.0204,34.0586
"017","8am",22.1852,45.1459,32.6689
"017","9am",19.9001,50.5193,29.5806
"017","10am",18.4353,54.4183,27.1464
"017","11am",19.4241,52.4065,28.1694
"017","12am",20.3183,49.4595,30.2222
"017","1pm",19.6534,53.071,27.2756
"017","2pm",19.8594,55.8853,24.2553
"017","3pm",19.9502,54.4782,25.5716
"017","4pm",19.3081,53.7021,26.9898
"017","5pm",18.7791,52.2929,28.928
"017","6pm",19.6341,50.6029,29.763
"017","7pm",19.1246,50.5726,30.3028
"017","8pm",19.6293,49.6459,30.7248
"017","9pm",18.8752,52.4755,28.6493
"017","10pm",20.1307,50.4461,29.4232
"017","11pm",19.7363,51.035,29.2287
"017","12pm",22.9355,43.0978,33.9666
"017","1am",23.5063,41.6818,34.8119
"017","2am",23.5063,41.6818,34.8119
"017","3am",23.3007,42.1918,34.5075
"018","4am",19.4787,51.7276,28.7937
"018","5am",19.6477,51.3088,29.0435
"018","6am",19.5787,51.4797,28.9416
"018","7am",18.9932,50.9707,30.0362
"018","8am",18.7277,51.743,29.5293
"018","9am",22.1191,51.1707,26.7102
"018","10am",23.9332,53.9989,22.0679
"018","11am",22.8198,57.5398,19.6405
"018","12am",24.4292,52.1452,23.4256
"018","1pm",24.2719,53.9198,21.8083
"018","2pm",21.1569,54.315,24.5281
"018","3pm",20.2493,54.9891,24.7616
"018","4pm",19.7193,52.4804,27.8003
"018","5pm",20.1575,48.9193,30.9232
"018","6pm",21.0421,45.8555,33.1024
"018","7pm",20.473,50.0531,29.4739
"018","8pm",20.9198,49.1274,29.9528
"018","9pm",21.9032,47.8489,30.2479
"018","10pm",22.8237,46.5918,30.5845
"018","11pm",22.0557,49.415,28.5294
"018","12pm",21.2816,51.1902,27.5281
"018","1am",20.7427,52.4263,26.831
"018","2am",20.4544,52.3134,27.2322
"018","3am",20.5811,52.018,27.4009
"019","4am",15.1117,51.3598,33.5284
"019","5am",14.828,53.0648,32.1073
"019","6am",15.5299,51.6721,32.798
"019","7am",16.9521,51.8322,31.2157
"019","8am",12.2785,61.7537,25.9677
"019","9am",13.7212,65.1773,21.1015
"019","10am",12.3739,67.2011,20.4251
"019","11am",13.2948,66.5237,20.1815
"019","12am",13.418,65.9428,20.6392
"019","1pm",14.896,56.792,28.312
"019","2pm",10.2682,64.518,25.2138
"019","3pm",9.5511,63.5559,26.893
"019","4pm",10.5867,61.9076,27.5058
"019","5pm",7.0235,65.5836,27.3929
"019","6pm",7.4294,61.6533,30.9173
"019","7pm",9.8853,59.2514,30.8633
"019","8pm",11.2586,59.7898,28.9516
"019","9pm",12.4998,58.2265,29.2736
"019","10pm",12.8058,55.4523,31.7419
"019","11pm",13.8064,53.6964,32.4972
"019","12pm",15.3631,50.3486,34.2883
"019","1am",16.0239,51.014,32.9621
"019","2am",16.0239,51.014,32.9621
"019","3am",16.0239,51.014,32.9621
"020","4am",10.1852,53.8451,35.9696
"020","5am",10.272,53.4519,36.2761
"020","6am",9.3966,53.3425,37.2609
"020","7am",8.7834,53.7228,37.4938
"020","8am",8.564,53.039,38.397
"020","9am",10.0212,54.5419,35.437
"020","10am",12.0597,54.3289,33.6114
"020","11am",11.9146,50.3608,37.7246
"020","12am",12.0222,48.8768,39.101
"020","1pm",9.2815,47.4813,43.2372
"020","2pm",10.8762,42.9607,46.1631
"020","3pm",10.5822,43.2825,46.1353
"020","4pm",7.9322,45.7361,46.3316
"020","5pm",7.997,48.7177,43.2852
"020","6pm",9.8897,52.2648,37.8455
"020","7pm",13.2477,48.3487,38.4036
"020","8pm",11.1756,48.445,40.3794
"020","9pm",10.6507,50.3501,38.9992
"020","10pm",10.4236,52.2504,37.326
"020","11pm",9.8953,52.7628,37.3419
"020","12pm",11.105,53.2272,35.6678
"020","1am",11.105,53.2272,35.6678
"020","2am",10.7656,54.6567,34.5777
"020","3am",10.6103,54.5946,34.7951
"021","4am",14.8064,60.5205,24.6732
"021","5am",14.6807,62.0056,23.3137
"021","6am",15.2594,61.2861,23.4544
"021","7am",14.4889,64.3587,21.1524
"021","8am",9.148,63.4096,27.4424
"021","9am",14.3609,63.0911,22.548
"021","10am",16.0541,60.84,23.1059
"021","11am",19.0225,60.0204,20.9572
"021","12am",13.7003,52.9875,33.3121
"021","1pm",18.9827,52.1207,28.8965
"021","2pm",19.6806,50.0485,30.2709
"021","3pm",24.3318,48.1163,27.552
"021","4pm",21.2983,49.4553,29.2464
"021","5pm",22.0868,47.6141,30.2992
"021","6pm",17.1743,51.3601,31.4656
"021","7pm",20.5189,51.1684,28.3127
"021","8pm",18.7499,56.6027,24.6474
"021","9pm",18.2714,55.354,26.3746
"021","10pm",17.4965,57.2416,25.2619
"021","11pm",16.4314,58.8714,24.6972
"021","12pm",15.458,59.0279,25.5141
"021","1am",15.007,59.5007,25.4922
"021","2am",15.0365,59.9068,25.0567
"021","3am",14.9007,60.2689,24.8304
"022","4am",24.2807,48.7606,26.9587
"022","5am",24.2807,48.7606,26.9587
"022","6am",24.4755,48.3496,27.1749
"022","7am",24.0291,46.2115,29.7594
"022","8am",27.0726,47.1073,25.8201
"022","9am",25.4521,49.5281,25.0199
"022","10am",22.767,54.6652,22.5678
"022","11am",19.5415,55.3473,25.1112
"022","12am",22.5685,53.2201,24.2114
"022","1pm",16.6328,58.5793,24.7879
"022","2pm",19.6864,57.3484,22.9651
"022","3pm",21.7224,56.1478,22.1297
"022","4pm",21.3473,55.1292,23.5235
"022","5pm",20.3715,59.0546,20.5739
"022","6pm",21.4621,54.7974,23.7404
"022","7pm",23.5041,51.7263,24.7696
"022","8pm",29.0571,45.7286,25.2144
"022","9pm",30.1787,45.0565,24.7648
"022","10pm",29.1247,43.6398,27.2355
"022","11pm",28.2068,45.8661,25.9271
"022","12pm",24.3377,47.5381,28.1242
"022","1am",23.5587,49.2172,27.2241
"022","2am",23.3344,49.7008,26.9648
"022","3am",23.3344,49.7008,26.9648
"023","4am",8.6466,63.42,27.9333
"023","5am",8.505,62.381,29.114
"023","6am",8.1538,61.8509,29.9954
"023","7am",9.7571,60.7403,29.5026
"023","8am",7.3952,63.6616,28.9432
"023","9am",7.9994,62.501,29.4995
"023","10am",7.2164,64.9622,27.8214
"023","11am",9.3053,59.8483,30.8464
"023","12am",9.8858,63.6318,26.4824
"023","1pm",9.0016,62.5542,28.4442
"023","2pm",11.5397,61.7666,26.6937
"023","3pm",11.4831,62.168,26.3488
"023","4pm",8.7142,64.5625,26.7232
"023","5pm",11.212,60.0133,28.7746
"023","6pm",10.2782,58.726,30.9958
"023","7pm",10.7097,62.6915,26.5988
"023","8pm",9.3654,62.6505,27.9841
"023","9pm",9.0528,63.8192,27.128
"023","10pm",8.8002,63.3288,27.871
"023","11pm",8.535,64.0276,27.4374
"023","12pm",8.4762,63.542,27.9818
"023","1am",8.4147,63.8065,27.7788
"023","2am",8.3541,63.3469,28.299
"023","3am",8.3854,63.2096,28.4049
"024","4am",14.9365,57.7569,27.3066
"024","5am",14.9824,57.627,27.3906
"024","6am",13.8089,57.9767,28.2144
"024","7am",14.6643,56.6898,28.6459
"024","8am",11.1541,57.8538,30.9921
"024","9am",10.6308,59.4972,29.872
"024","10am",8.6962,63.2019,28.1019
"024","11am",7.7233,64.2086,28.068
"024","12am",7.644,62.8249,29.5311
"024","1pm",7.6496,66.7068,25.6436
"024","2pm",8.5844,63.6952,27.7204
"024","3pm",6.7013,63.2081,30.0905
"024","4pm",4.0537,61.8494,34.097
"024","5pm",6.6652,58.3739,34.9608
"024","6pm",8.0601,57.2836,34.6563
"024","7pm",10.2994,56.9892,32.7114
"024","8pm",13.2791,55.1475,31.5734
"024","9pm",12.982,53.8868,33.1313
"024","10pm",13.0872,55.7489,31.1639
"024","11pm",12.6501,57.7113,29.6387
"024","12pm",13.8841,59.0951,27.0207
"024","1am",14.4896,59.0207,26.4897
"024","2am",14.3587,59.391,26.2503
"024","3am",14.3587,59.391,26.2503
"025","4am",13.2806,37.6821,49.0374
"025","5am",12.7457,38.5568,48.6975
"025","6am",14.9786,40.4537,44.5677
"025","7am",13.8332,43.1663,43.0004
"025","8am",19.9025,44.8254,35.272
"025","9am",23.2633,44.0098,32.7269
"025","10am",22.4884,45.7581,31.7535
"025","11am",23.8004,46.2348,29.9648
"025","12am",22.9484,42.8129,34.2388
"025","1pm",16.0369,41.6071,42.3559
"025","2pm",20.7997,40.827,38.3732
"025","3pm",17.8561,40.2136,41.9303
"025","4pm",17.9948,40.7287,41.2765
"025","5pm",17.5109,40.0362,42.4529
"025","6pm",17.7367,37.1719,45.0914
"025","7pm",18.5263,35.2849,46.1888
"025","8pm",17.2406,33.6891,49.0703
"025","9pm",16.3221,34.0698,49.608
"025","10pm",15.0199,35.0738,49.9063
"025","11pm",14.5983,34.0135,51.3882
"025","12pm",13.5143,35.8726,50.6131
"025","1am",13.7245,36.4331,49.8424
"025","2am",13.809,36.6575,49.5335
"025","3am",13.6147,37.5488,48.8365
"026","4am",24.203,40.8983,34.8987
"026","5am",23.7501,42.0042,34.2457
"026","6am",23.1735,42.3079,34.5187
"026","7am",19.7949,42.9237,37.2815
"026","8am",17.221,46.3359,36.4431
"026","9am",12.8247,55.9248,31.2504
"026","10am",11.5731,59.4939,28.933
"026","11am",5.9432,61.35,32.7068
"026","12am",8.3579,59.9562,31.6859
"026","1pm",14.2067,57.9547,27.8385
"026","2pm",19.7223,52.1352,28.1425
"026","3pm",19.423,56.154,24.423
"026","4pm",18.1121,59.0597,22.8283
"026","5pm",18.1634,54.6543,27.1822
"026","6pm",19.9006,48.3193,31.7802
"026","7pm",25.5994,43.4187,30.9819
"026","8pm",20.2564,45.1064,34.6372
"026","9pm",20.7852,46.7567,32.4581
"026","10pm",22.3725,46.8484,30.7791
"026","11pm",22.7385,45.6824,31.579
"026","12pm",25.0829,41.0172,33.8999
"026","1am",24.6527,42.0289,33.3184
"026","2am",24.6527,41.2804,34.0669
"026","3am",24.6527,41.2804,34.0669
"027","4am",12.4336,49.1004,38.466
"027","5am",12.4404,50.1023,37.4574
"027","6am",12.8256,49.7927,37.3818
"027","7am",13.0331,48.2689,38.6979
"027","8am",12.292,53.0915,34.6166
"027","9am",12.9613,50.1552,36.8835
"027","10am",14.4181,45.6809,39.9009
"027","11am",14.1941,44.8763,40.9296
"027","12am",10.2487,49.5441,40.2072
"027","1pm",10.703,49.3392,39.9578
"027","2pm",9.2415,48.3137,42.4448
"027","3pm",7.5551,50.7598,41.6851
"027","4pm",9.5797,48.9632,41.4572
"027","5pm",10.5833,47.1795,42.2372
"027","6pm",10.1314,49.2466,40.6219
"027","7pm",14.6729,46.6334,38.6937
"027","8pm",13.1969,48.8072,37.996
"027","9pm",14.1822,48.6366,37.1812
"027","10pm",12.9673,48.8648,38.1679
"027","11pm",12.815,50.0416,37.1434
"027","12pm",13.581,49.4667,36.9523
"027","1am",13.625,49.6271,36.7479
"027","2am",13.625,49.6271,36.7479
"027","3am",13.515,49.2262,37.2588
"028","4am",22.3292,44.0962,33.5746
"028","5am",22.3536,43.9121,33.7343
"028","6am",21.0716,45.9396,32.9888
"028","7am",16.5763,50.6566,32.7671
"028","8am",23.4801,48.9305,27.5894
"028","9am",21.2695,55.302,23.4286
"028","10am",22.0395,55.3013,22.6593
"028","11am",22.1719,55.1889,22.6393
"028","12am",22.393,52.4899,25.1171
"028","1pm",20.8376,49.8454,29.317
"028","2pm",17.5241,56.1582,26.3176
"028","3pm",17.2351,56.4833,26.2816
"028","4pm",16.9739,53.9209,29.1053
"028","5pm",14.592,57.0495,28.3586
"028","6pm",15.6393,50.8127,33.548
"028","7pm",15.6317,47.5448,36.8235
"028","8pm",18.2073,45.2003,36.5924
"028","9pm",21.7968,43.1202,35.083
"028","10pm",22.6996,44.5059,32.7945
"028","11pm",22.627,43.2645,34.1085
"028","12pm",22.2373,43.4548,34.3079
"028","1am",22.2378,43.4536,34.3087
"028","2am",22.1023,43.798,34.0997
"028","3am",21.9233,44.2532,33.8235
"029","4am",37.5351,27.4655,34.9994
"029","5am",36.6073,30.0693,33.3234
"029","6am",37.3619,29.6452,32.9929
"029","7am",36.6778,30.7298,32.5923
"029","8am",34.9435,31.4184,33.638
"029","9am",34.1868,31.1013,34.712
"029","10am",29.0685,37.513,33.4185
"029","11am",25.7884,39.3515,34.8601
"029","12am",24.6259,42.7602,32.6139
"029","1pm",29.9051,34.037,36.0578
"029","2pm",30.2215,25.8912,43.8874
"029","3pm",23.8774,27.6219,48.5007
"029","4pm",30.6511,25.9258,43.423
"029","5pm",30.6801,25.3591,43.9608
"029","6pm",36.5348,21.902,41.5632
"029","7pm",33.4106,26.9381,39.6513
"029","8pm",35.5557,23.0977,41.3466
"029","9pm",38.1625,25.5655,36.272
"029","10pm",37.9909,24.4234,37.5857
"029","11pm",37.4119,25.5754,37.0127
"029","12pm",37.7452,27.8504,34.4044
"029","1am",37.7452,27.8504,34.4044
"029","2am",37.7452,27.8504,34.4044
"029","3am",37.7452,27.8504,34.4044
"030","4am",29.2477,18.8581,51.8942
"030","5am",28.6097,19.7137,51.6766
"030","6am",27.7579,21.7937,50.4483
"030","7am",26.4158,26.1596,47.4247
"030","8am",28.3578,30.5147,41.1275
"030","9am",29.6146,29.8857,40.4997
"030","10am",27.8701,30.6201,41.5098
"030","11am",30.392,25.6535,43.9546
"030","12am",28.1575,29.5502,42.2923
"030","1pm",27.2223,25.2041,47.5736
"030","2pm",25.8924,24.1384,49.9692
"030","3pm",25.8216,27.854,46.3245
"030","4pm",24.8635,27.393,47.7436
"030","5pm",22.5357,27.2707,50.1937
"030","6pm",28.6435,24.2476,47.1089
"030","7pm",32.0478,19.5607,48.3916
"030","8pm",34.8575,18.0961,47.0464
"030","9pm",33.2962,19.8312,46.8726
"030","10pm",32.3811,20.2309,47.388
"030","11pm",33.413,19.4139,47.1732
"030","12pm",32.3712,20.8445,46.7843
"030","1am",31.4758,20.2487,48.2755
"030","2am",30.1004,20.76,49.1396
"030","3am",29.4398,20.0829,50.4773
"031","4am",15.3712,31.0677,53.5611
"031","5am",15.4861,31.2998,53.2141
"031","6am",15.4037,31.1332,53.4631
"031","7am",16.0683,31.8287,52.1029
"031","8am",23.7249,33.3441,42.931
"031","9am",31.584,36.1286,32.2874
"031","10am",29.9735,37.6699,32.3566
"031","11am",28.7188,39.6533,31.6279
"031","12am",29.4703,36.315,34.2147
"031","1pm",23.9987,32.3778,43.6235
"031","2pm",23.9625,30.9639,45.0736
"031","3pm",23.6623,29.8802,46.4574
"031","4pm",25.9299,27.6191,46.451
"031","5pm",23.8845,27.301,48.8145
"031","6pm",20.7867,30.2508,48.9624
"031","7pm",19.0379,33.1061,47.856
"031","8pm",20.011,27.0202,52.9688
"031","9pm",18.2384,31.4929,50.2687
"031","10pm",18.0581,30.5589,51.383
"031","11pm",18.0002,28.9637,53.0361
"031","12pm",16.9462,29.2728,53.781
"031","1am",16.463,31.1802,52.3567
"031","2am",16.5158,30.6332,52.8511
"031","3am",16.3768,30.3754,53.2477
"032","4am",4.7541,53.9018,41.344
"032","5am",4.7693,53.7549,41.4758
"032","6am",5.0211,54.0464,40.9325
"032","7am",5.3477,54.9932,39.6591
"032","8am",10.2867,61.1883,28.5249
"032","9am",13.9873,61.5281,24.4846
"032","10am",15.2686,59.5822,25.1492
"032","11am",13.7764,61.1387,25.0849
"032","12am",14.8106,58.5619,26.6275
"032","1pm",13.7477,52.2386,34.0136
"032","2pm",11.4856,56.1865,32.3279
"032","3pm",13.1815,52.6663,34.1522
"032","4pm",12.9456,52.8338,34.2206
"032","5pm",13.2032,52.079,34.7178
"032","6pm",8.206,49.0657,42.7282
"032","7pm",9.5167,47.5422,42.941
"032","8pm",3.877,54.8898,41.2332
"032","9pm",5.0412,60.9147,34.0441
"032","10pm",5.0953,58.8222,36.0825
"032","11pm",4.8416,58.6946,36.4638
"032","12pm",5.1999,55.6374,39.1627
"032","1am",7.0194,54.7052,38.2754
"032","2am",5.0921,55.8391,39.0688
"032","3am",5.1866,55.02,39.7935
"033","4am",9.3133,30.2644,60.4223
"033","5am",9.3133,30.2644,60.4223
"033","6am",10.7972,29.2776,59.9252
"033","7am",11.0969,29.2531,59.65
"033","8am",15.6869,26.0672,58.2459
"033","9am",21.6983,24.8566,53.4451
"033","10am",21.5148,26.038,52.4472
"033","11am",22.0574,24.3899,53.5527
"033","12am",21.1237,22.0343,56.8421
"033","1pm",14.3757,18.8741,66.7502
"033","2pm",15.3388,19.4591,65.2021
"033","3pm",15.9652,22.5457,61.4891
"033","4pm",12.1181,24.7904,63.0915
"033","5pm",12.7631,26.5346,60.7023
"033","6pm",11.1677,26.8547,61.9776
"033","7pm",6.7368,28.4602,64.803
"033","8pm",9.5078,31.2741,59.2181
"033","9pm",10.6421,29.6031,59.7548
"033","10pm",10.1976,31.8131,57.9893
"033","11pm",11.4466,28.151,60.4024
"033","12pm",8.9951,30.6243,60.3806
"033","1am",9.6444,30.4215,59.9341
"033","2am",9.6444,30.4215,59.9341
"033","3am",9.839,31.0354,59.1255
"034","4am",13.5558,47.1275,39.3168
"034","5am",13.5558,47.1275,39.3168
"034","6am",12.3854,47.9955,39.6192
"034","7am",12.9213,45.7191,41.3595
"034","8am",16.2003,44.1887,39.611
"034","9am",18.3906,40.6429,40.9665
"034","10am",21.3122,41.0665,37.6214
"034","11am",21.225,36.731,42.044
"034","12am",17.7495,37.8128,44.4376
"034","1pm",14.0465,37.7897,48.1638
"034","2pm",16.1614,40.5356,43.3029
"034","3pm",17.8719,36.2892,45.8389
"034","4pm",17.3615,40.2368,42.4017
"034","5pm",14.9912,40.6801,44.3286
"034","6pm",13.7291,38.6431,47.6278
"034","7pm",12.8661,40.8891,46.2448
"034","8pm",14.5828,46.4626,38.9546
"034","9pm",17.1909,48.0734,34.7357
"034","10pm",15.2924,47.9481,36.7595
"034","11pm",13.7761,49.0681,37.1558
"034","12pm",13.7252,48.9214,37.3535
"034","1am",13.2964,48.139,38.5646
"034","2am",13.1696,47.5571,39.2733
"034","3am",13.4298,47.6188,38.9514
"035","4am",29.9599,34.8912,35.1489
"035","5am",29.781,35.28,34.939
"035","6am",31.0179,34.6586,34.3235
"035","7am",30.1971,36.305,33.4979
"035","8am",23.9736,40.3396,35.6868
"035","9am",25.2,40.4872,34.3128
"035","10am",24.5531,37.0217,38.4252
"035","11am",20.4431,40.2975,39.2594
"035","12am",24.5936,36.0321,39.3743
"035","1pm",22.9022,34.258,42.8398
"035","2pm",21.3636,39.9766,38.6598
"035","3pm",21.1479,37.4718,41.3803
"035","4pm",20.1356,36.0684,43.796
"035","5pm",26.2496,32.469,41.2815
"035","6pm",24.1101,36.6052,39.2847
"035","7pm",33.6798,30.7105,35.6097
"035","8pm",31.3892,35.6684,32.9424
"035","9pm",26.6073,40.57,32.8226
"035","10pm",26.9637,41.7476,31.2887
"035","11pm",28.3941,39.0375,32.5685
"035","12pm",28.6366,37.6226,33.7408
"035","1am",29.4489,35.2159,35.3352
"035","2am",29.4489,35.2159,35.3352
"035","3am",29.764,35.5928,34.6432
"036","4am",10.4645,18.6343,70.9012
"036","5am",10.4645,18.6343,70.9012
"036","6am",10.7408,22.2531,67.0061
"036","7am",11.1172,27.5433,61.3395
"036","8am",18.5001,33.7509,47.749
"036","9am",23.1509,33.7881,43.061
"036","10am",25.5624,34.6248,39.8127
"036","11am",26.2058,34.6101,39.1841
"036","12am",22.7398,34.9321,42.3281
"036","1pm",19.2186,32.082,48.6994
"036","2pm",22.1055,31.1837,46.7107
"036","3pm",25.2555,28.1589,46.5856
"036","4pm",23.716,28.1535,48.1305
"036","5pm",21.2497,29.1334,49.6169
"036","6pm",23.4418,27.3304,49.2279
"036","7pm",18.2561,29.3434,52.4005
"036","8pm",15.8004,31.3284,52.8712
"036","9pm",14.8825,29.5581,55.5594
"036","10pm",13.174,25.5635,61.2625
"036","11pm",12.8897,23.9192,63.191
"036","12pm",13.7782,21.6693,64.5524
"036","1am",12.262,18.4939,69.2441
"036","2am",11.6414,19.5305,68.8282
"036","3am",11.7438,19.7023,68.5538
"037","4am",14.9612,7.0709,77.9679
"037","5am",14.8906,7.5093,77.6001
"037","6am",14.9114,8.215,76.8736
"037","7am",16.6105,8.9714,74.4181
"037","8am",25.6579,11.3965,62.9456
"037","9am",31.078,25.4294,43.4926
"037","10am",30.8715,24.3448,44.7837
"037","11am",31.9025,20.2968,47.8007
"037","12am",31.6241,22.5061,45.8697
"037","1pm",25.984,15.6289,58.3871
"037","2pm",25.213,16.5135,58.2735
"037","3pm",29.3192,18.0194,52.6613
"037","4pm",30.4322,16.2033,53.3645
"037","5pm",26.9959,13.757,59.2471
"037","6pm",23.4808,15.4632,61.056
"037","7pm",14.992,9.148,75.86
"037","8pm",15.8104,14.8899,69.2997
"037","9pm",16.549,15.7967,67.6543
"037","10pm",16.5414,13.808,69.6506
"037","11pm",16.3013,17.0127,66.6861
"037","12pm",14.919,12.8028,72.2782
"037","1am",15.0757,11.2828,73.6415
"037","2am",14.6631,7.9094,77.4275
"037","3am",14.4702,8.1576,77.3722
"038","4am",10.4829,71.8182,17.699
"038","5am",10.6831,71.2798,18.0371
"038","6am",9.9148,70.689,19.3962
"038","7am",8.6589,70.9155,20.4256
"038","8am",4.7628,70.7464,24.4909
"038","9am",2.7927,70.8594,26.3479
"038","10am",2.8591,71.3923,25.7486
"038","11am",4.9105,72.589,22.5006
"038","12am",6.0424,68.0807,25.8769
"038","1pm",6.825,69.0225,24.1525
"038","2pm",3.9521,69.0287,27.0192
"038","3pm",5.5435,70.3394,24.1171
"038","4pm",4.7301,74.6941,20.5758
"038","5pm",7.2138,70.798,21.9883
"038","6pm",9.6527,71.2219,19.1255
"038","7pm",12.0607,70.2107,17.7286
"038","8pm",9.7406,72.5668,17.6927
"038","9pm",9.4976,73.2511,17.2513
"038","10pm",9.4032,73.517,17.0798
"038","11pm",9.4723,73.3222,17.2055
"038","12pm",10.405,72.0275,17.5675
"038","1am",10.3159,72.267,17.4171
"038","2am",10.2416,72.4667,17.2917
"038","3am",10.2416,72.4667,17.2917
"039","4am",17.9818,59.3679,22.6504
"039","5am",18.4407,59.1504,22.4089
"039","6am",18.3883,59.0563,22.5554
"039","7am",18.2095,60.0781,21.7124
"039","8am",23.8869,57.1148,18.9983
"039","9am",22.0509,58.3619,19.5872
"039","10am",21.3649,61.2696,17.3654
"039","11am",16.7173,62.4714,20.8113
"039","12am",15.7172,64.5029,19.7799
"039","1pm",16.2696,66.9194,16.8109
"039","2pm",20.7439,55.5794,23.6767
"039","3pm",22.2746,53.7796,23.9458
"039","4pm",17.7599,54.3072,27.9329
"039","5pm",16.0169,55.441,28.5421
"039","6pm",11.9375,54.1311,33.9314
"039","7pm",22.6365,47.5503,29.8132
"039","8pm",18.3323,54.1452,27.5225
"039","9pm",18.2846,55.2411,26.4742
"039","10pm",18.3577,56.3304,25.3119
"039","11pm",18.2377,57.7652,23.9971
"039","12pm",17.7853,59.8119,22.4028
"039","1am",17.2958,60.9178,21.7863
"039","2am",18.3243,58.594,23.0818
"039","3am",18.1637,58.9568,22.8795
"041","4am",3.2683,74.4647,22.267
"041","5am",3.25,74.4047,22.3453
"041","6am",3.3049,73.919,22.7761
"041","7am",2.5721,74.0447,23.3831
"041","8am",3.8142,79.3806,16.8051
"041","9am",4.283,77.7113,18.0057
"041","10am",4.113,76.62,19.2669
"041","11am",4.4028,74.9729,20.6243
"041","12am",4.5111,75.3586,20.1303
"041","1pm",5.0562,71.2355,23.7083
"041","2pm",4.0614,71.9819,23.9567
"041","3pm",4.4311,73.0934,22.4755
"041","4pm",3.2671,74.8653,21.8676
"041","5pm",3.353,76.4631,20.1839
"041","6pm",2.7075,78.0079,19.2846
"041","7pm",4.0953,77.1989,18.7057
"041","8pm",3.1329,76.7142,20.1529
"041","9pm",3.2202,74.7291,22.0507
"041","10pm",3.3,74.1024,22.5976
"041","11pm",3.135,74.7482,22.1168
"041","12pm",3.1806,74.3811,22.4383
"041","1am",3.2056,74.1792,22.6152
"041","2am",3.2056,74.1792,22.6152
"041","3am",3.2056,74.1792,22.6152
"042","4am",4.0243,72.7445,23.2312
"042","5am",4.0325,72.8921,23.0754
"042","6am",4.1344,73.0119,22.8537
"042","7am",3.4805,71.5983,24.9211
"042","8am",1.1712,69.784,29.0448
"042","9am",1.5718,71.0349,27.3933
"042","10am",1.7929,66.3612,31.8459
"042","11am",2.6765,69.0969,28.2267
"042","12am",2.6246,69.86,27.5154
"042","1pm",0.4158,72.8376,26.7466
"042","2pm",0,73.6459,26.3541
"042","3pm",0,73.8421,26.1579
"042","4pm",0,73.9863,26.0137
"042","5pm",1.2227,72.067,26.7103
"042","6pm",2.7063,76.4578,20.836
"042","7pm",4.8877,76.3806,18.7317
"042","8pm",4.7205,76.1739,19.1057
"042","9pm",4.589,73.4779,21.9331
"042","10pm",4.6281,73.2522,22.1198
"042","11pm",4.5924,73.4582,21.9494
"042","12pm",4.6108,73.3519,22.0373
"042","1am",4.6108,73.3519,22.0373
"042","2am",4.6108,73.3519,22.0373
"042","3am",4.6108,73.3519,22.0373
"043","4am",6.0162,79.7904,14.1935
"043","5am",6.0645,79.6281,14.3074
"043","6am",5.9143,80.1325,13.9532
"043","7am",6.5372,78.0401,15.4227
"043","8am",2.1006,81.7403,16.1592
"043","9am",1.1302,79.0321,19.8378
"043","10am",1.3061,79.9988,18.6951
"043","11am",2.3614,83.7697,13.8689
"043","12am",2.1632,79.573,18.2638
"043","1pm",2.0638,80.5118,17.4244
"043","2pm",1.1989,83.3006,15.5005
"043","3pm",1.2295,78.4287,20.3418
"043","4pm",2.6057,77.6621,19.7321
"043","5pm",5.6449,74.9579,19.3971
"043","6pm",8.8722,74.8712,16.2567
"043","7pm",7.9417,78.1168,13.9416
"043","8pm",5.9252,81.1377,12.9372
"043","9pm",5.7835,80.572,13.6445
"043","10pm",5.9119,80.1407,13.9474
"043","11pm",5.9932,79.8674,14.1394
"043","12pm",5.7869,80.5606,13.6525
"043","1am",5.7869,80.5606,13.6525
"043","2am",5.7869,80.5606,13.6525
"043","3am",5.7869,80.5606,13.6525
"044","4am",1.5806,81.7067,16.7127
"044","5am",1.538,82.2,16.262
"044","6am",1.5123,82.4967,15.991
"044","7am",1.5357,82.9946,15.4697
"044","8am",7.8128,78.2384,13.9488
"044","9am",10.3285,73.3793,16.2922
"044","10am",9.1471,75.9101,14.9428
"044","11am",8.5059,75.7516,15.7424
"044","12am",7.9145,74.9505,17.135
"044","1pm",8.1559,72.9965,18.8477
"044","2pm",8.0793,73.969,17.9517
"044","3pm",10.2883,72.9655,16.7462
"044","4pm",9.8529,73.9473,16.1997
"044","5pm",10.2599,73.2414,16.4987
"044","6pm",5.5975,77.3492,17.0533
"044","7pm",4.249,78.4513,17.2997
"044","8pm",1.5001,82.7048,15.795
"044","9pm",1.428,82.7511,15.8209
"044","10pm",1.5266,82.3313,16.1421
"044","11pm",1.5361,82.2221,16.2418
"044","12pm",1.5491,82.0711,16.3797
"044","1am",1.5491,82.0711,16.3797
"044","2am",1.5491,82.0711,16.3797
"044","3am",1.5617,81.9255,16.5128
"045","4am",7.7572,74.1477,18.0951
"045","5am",7.8864,74.5498,17.5639
"045","6am",11.4457,71.5092,17.0451
"045","7am",8.976,72.6778,18.3462
"045","8am",7.4319,70.8961,21.672
"045","9am",5.2426,69.6224,25.135
"045","10am",4.7215,72.6402,22.6383
"045","11am",5.0337,70.8312,24.1351
"045","12am",5.0678,69.5125,25.4197
"045","1pm",6.5896,66.4373,26.9731
"045","2pm",2.2515,68.5746,29.1738
"045","3pm",1.9873,73.0084,25.0043
"045","4pm",5.355,71.1463,23.4987
"045","5pm",1.8177,76.815,21.3673
"045","6pm",8.0875,71.8314,20.0811
"045","7pm",8.3058,71.7289,19.9653
"045","8pm",8.2897,73.8323,17.878
"045","9pm",9.2009,72.9549,17.8443
"045","10pm",7.6323,74.564,17.8037
"045","11pm",7.5795,74.7401,17.6805
"045","12pm",7.6278,74.579,17.7932
"045","1am",7.6278,74.579,17.7932
"045","2am",7.5645,74.7898,17.6457
"045","3am",7.5645,74.7898,17.6457
"046","4am",3.9683,87.7692,8.2625
"046","5am",3.9989,87.6747,8.3264
"046","6am",4.1042,87.3503,8.5455
"046","7am",3.4871,87.5907,8.9222
"046","8am",3.3566,87.2735,9.37
"046","9am",2.8857,88.5832,8.5311
"046","10am",3.2789,90.0301,6.691
"046","11am",0,91.582,8.418
"046","12am",2.8961,91.5652,5.5388
"046","1pm",1.3754,92.1725,6.4521
"046","2pm",1.4737,90.1912,8.3351
"046","3pm",1.4484,88.9113,9.6402
"046","4pm",1.6366,87.4709,10.8925
"046","5pm",2.8361,89.8312,7.3327
"046","6pm",2.3175,89.7313,7.9512
"046","7pm",3.5867,89.097,7.3163
"046","8pm",3.4212,90.2942,6.2846
"046","9pm",4.1201,86.9183,8.9616
"046","10pm",4.0625,87.3314,8.6061
"046","11pm",4.817,86.1959,8.9872
"046","12pm",4.7779,86.3078,8.9143
"046","1am",4.8163,86.1979,8.9859
"046","2am",4.7807,86.2999,8.9194
"046","3am",4.7807,86.2999,8.9194
"047","4am",3.1692,83.3461,13.4847
"047","5am",3.139,83.5048,13.3562
"047","6am",3.2093,84.253,12.5377
"047","7am",3.4577,83.0343,13.5081
"047","8am",1.696,75.4367,22.8673
"047","9am",1.8966,76.3254,21.778
"047","10am",1.8679,76.4433,21.6888
"047","11am",1.7851,77.4281,20.7869
"047","12am",0,80.5958,19.4042
"047","1pm",0.8477,77.0886,22.0637
"047","2pm",0.9005,75.6624,23.4372
"047","3pm",0.8668,75.6159,23.5173
"047","4pm",0.8901,77.0889,22.021
"047","5pm",3.4562,77.9698,18.574
"047","6pm",4.4464,75.8608,19.6928
"047","7pm",3.1957,80.9354,15.869
"047","8pm",3.1236,81.3656,15.5108
"047","9pm",3.3586,81.3314,15.3099
